%YAML:1.0
---
calibration_time: "Thu 05 Jan 2023 06:45:42 PM CET"
nr_of_frames: 25
image_width: 1280
image_height: 720
board_width: 9
board_height: 6
square_size: 5.
fix_aspect_ratio: 1.
# flags: +fix_aspectRatio +fix_principal_point +zero_tangent_dist +fix_k4 +fix_k5
flags: 6158
fisheye_model: 0
camera_matrix: !!opencv-matrix
   rows: 3
   cols: 3
   dt: d
   data: [ 1.0751977744963431e+03, 0., 6.3950000000000000e+02, 0.,
       1.0751977744963431e+03, 3.5950000000000000e+02, 0., 0., 1. ]
distortion_coefficients: !!opencv-matrix
   rows: 5
   cols: 1
   dt: d
   data: [ 5.8896286832718352e-02, -5.9025779837692138e-01, 0., 0.,
       8.1047933067687938e-01 ]
avg_reprojection_error: 1.0593607965057050e+00
per_view_reprojection_errors: !!opencv-matrix
   rows: 25
   cols: 1
   dt: f
   data: [ 3.65920365e-01, 5.83666801e-01, 4.47932869e-01,
       5.62075734e-01, 3.58549565e-01, 4.56396699e-01, 3.24665457e-01,
       6.76629126e-01, 1.48900688e+00, 2.92092294e-01, 6.84744418e-01,
       3.65234196e-01, 6.33585989e-01, 2.98544258e-01, 1.53329933e+00,
       2.49845076e+00, 8.69694650e-01, 4.96154487e-01, 3.18127662e-01,
       1.96614003e+00, 5.11359096e-01, 3.10059011e-01, 3.90453309e-01,
       2.63961959e+00, 1.31500220e+00 ]
# a set of 6-tuples (rotation vector + translation vector) for each view
extrinsic_parameters: !!opencv-matrix
   rows: 25
   cols: 6
   dt: d
   data: [ -1.6036960996179076e-03, 3.9528370702724935e-01,
       7.0075744410204088e-02, -3.4061493393611023e+01,
       -2.4485631763164342e+01, 1.1294888447033227e+02,
       8.0411198576412011e-04, 3.9136189092983276e-01,
       8.7019259701161950e-02, -3.3087126052428232e+01,
       -2.4953539943324063e+01, 1.1235921344581895e+02,
       -5.9513665757275772e-03, 2.6282964828022298e-01,
       8.4788791185611112e-02, -2.4261429989636888e+01,
       -2.7469915060774412e+01, 1.0893259558330617e+02,
       -2.8871810325686021e-02, 1.9355566292314619e-01,
       5.9754919745505224e-02, -2.5943687317318304e+01,
       -2.9936026272964341e+01, 1.0965738524632236e+02,
       9.1754109539522732e-03, 1.0460204932030989e-01,
       7.8896594974167580e-02, -5.0903750062228577e+00,
       -2.6446413157200546e+01, 1.0448471722479204e+02,
       2.9565781536927706e-02, 7.8654522173098276e-02,
       9.2728271536611270e-02, 9.5142375583114536e+00,
       -2.7041575691987784e+01, 1.0305590289013212e+02,
       6.1800277083182538e-02, 1.0891636643975139e-01,
       1.1763583703428701e-01, -5.7955305064069329e-01,
       -1.0988567852893873e+01, 9.9767890139322049e+01,
       1.5882416756744322e-01, 1.4756183072517459e-01,
       9.9927735904791010e-02, -4.5949547705552485e+00,
       -1.3281691519192229e+00, 9.7380949868186875e+01,
       1.3498643801329163e-01, 1.2530705997864594e-01,
       1.1500796546102196e-01, 8.6387614066248251e+00,
       -2.3255694244215985e+00, 9.8962622202054717e+01,
       1.3724411091993388e-01, 1.6632529692804041e-01,
       1.0434763083768468e-01, -2.4165886048664358e+01,
       -1.8945162725389635e+00, 9.5170017959537176e+01,
       1.0746546680099317e-01, 1.7478471065694720e-01,
       1.1593034018823009e-01, -3.6774523310921076e+01,
       -2.3471466530566634e+00, 9.7068432181828854e+01,
       1.1567023820916143e-01, 1.8703669075219995e-01,
       1.0846702687107801e-01, -3.9470830543477163e+01,
       -5.3358081489843627e+00, 9.8031735844415195e+01,
       1.0695147160653902e-01, 2.0074461093537355e-01,
       1.1037610518495909e-01, -4.2411853676999563e+01,
       -5.8331460320144854e+00, 9.8076768354071021e+01,
       3.2528834815162117e-01, 1.4810022222111935e-01,
       1.7025221385024639e-01, -3.3866149090550472e+01,
       -2.7667476381094218e+01, 1.0225138056457797e+02,
       3.3410004140989247e-01, 1.5906437559856698e-01,
       2.4852220134898845e-01, -2.4453222874627272e+01,
       -9.9937264421510257e+00, 9.7344093188845065e+01,
       1.8941800682236568e-01, 1.5792734376654627e-01,
       3.6080633070746326e-02, -4.0302866291575050e+01,
       -1.3365573120555588e+01, 1.0387488767149924e+02,
       3.8146690548972639e-01, 6.8031211256206939e-02,
       -1.7340416830749267e-01, -4.3841530084868090e+01,
       2.7506593977339433e+00, 1.0028701710122336e+02,
       4.0479937939723315e-01, 2.2244078319290875e-02,
       -1.7198574548906739e-01, -2.9184304400603757e+01,
       -2.7156237042493401e+00, 1.0424106480602083e+02,
       3.8088767510244159e-01, 5.7284976823593009e-03,
       -1.5501286671567732e-01, -7.7784862398814871e+00,
       -9.9042078347000153e+00, 1.0967499896625195e+02,
       4.0042932910133427e-01, 1.9782028763139152e-03,
       -1.4453182591927111e-01, -1.3093301533121430e+01,
       8.6471745930542738e+00, 1.0601648892891394e+02,
       3.5994404754272069e-01, 3.2774143813462948e-02,
       -1.5097930672442342e-01, -2.2665413025505327e+01,
       -1.9274140674711376e+01, 1.1241946310416422e+02,
       3.4345965094277187e-01, -5.6128598712648600e-05,
       -1.2312650089062376e-01, 2.0396487523557019e+00,
       -2.1589458006262458e+01, 1.1531672256450106e+02,
       3.7720190238234191e-01, 5.6315228846508343e-03,
       -1.1984596174208800e-01, -4.8026653961371374e-01,
       1.9560978962386224e+00, 1.0710899450632216e+02,
       3.9501969751334176e-01, -1.3337596052972344e-02,
       -1.1298161616944187e-01, -3.6932715137235164e+00,
       6.8801993782900333e+00, 1.0625061168742313e+02,
       -4.7110771392536183e-01, 1.0479102985104286e-01,
       -7.9190217555673972e-02, -1.4248585030060374e+01,
       -1.6785317321214212e+01, 1.3324328959564059e+02 ]
