%YAML:1.0
---
calibration_time: "01/16/23 14:58:20"
nr_of_frames: 24
image_width: 3000
image_height: 4000
board_width: 9
board_height: 6
square_size: 5.
fix_aspect_ratio: 1.
# flags: +fix_aspectRatio +fix_principal_point +zero_tangent_dist +fix_k4 +fix_k5
flags: 6158
fisheye_model: 0
camera_matrix: !!opencv-matrix
   rows: 3
   cols: 3
   dt: d
   data: [ 3.0273463441655008e+03, 0., 1.4995000000000000e+03, 0.,
       3.0273463441655008e+03, 1.9995000000000000e+03, 0., 0., 1. ]
distortion_coefficients: !!opencv-matrix
   rows: 5
   cols: 1
   dt: d
   data: [ 7.8579519112933080e-02, -1.9147383808262369e-01, 0., 0.,
       1.2377201574127797e-01 ]
avg_reprojection_error: 7.5533198867264817e-01
