%YAML:1.0
---
calibration_time: "Wed 25 Jan 2023 02:03:00 PM CET"
nr_of_frames: 28
image_width: 4000
image_height: 3000
board_width: 9
board_height: 6
square_size: 5.
fix_aspect_ratio: 1.
# flags: +fix_aspectRatio +fix_principal_point +zero_tangent_dist +fix_k4 +fix_k5
flags: 6158
fisheye_model: 0
camera_matrix: !!opencv-matrix
   rows: 3
   cols: 3
   dt: d
   data: [ 3.2883735076511171e+03, 0., 1.9995000000000000e+03, 0.,
       3.2883735076511171e+03, 1.4995000000000000e+03, 0., 0., 1. ]
distortion_coefficients: !!opencv-matrix
   rows: 5
   cols: 1
   dt: d
   data: [ 2.8087705688358531e-02, -7.7301577359057394e-01, 0., 0.,
       1.0537092408239543e+00 ]
avg_reprojection_error: 7.3767535560926971e+00
per_view_reprojection_errors: !!opencv-matrix
   rows: 28
   cols: 1
   dt: f
   data: [ 5.71127224e+00, 4.04079151e+00, 4.72868109e+00,
       4.03440046e+00, 3.61584377e+00, 3.82399392e+00, 3.98949647e+00,
       4.25465536e+00, 4.38729239e+00, 5.71731710e+00, 1.01068783e+01,
       7.73120117e+00, 7.23499537e+00, 1.08635092e+01, 1.19479399e+01,
       1.26261396e+01, 1.34250250e+01, 1.22132750e+01, 6.97854042e+00,
       6.69386625e+00, 6.18306541e+00, 6.75046921e+00, 8.53179264e+00,
       7.01429939e+00, 6.99493361e+00, 2.00081158e+00, 1.92739737e+00,
       1.62211943e+00 ]
# a set of 6-tuples (rotation vector + translation vector) for each view
extrinsic_parameters: !!opencv-matrix
   rows: 28
   cols: 6
   dt: d
   data: [ 7.1581425542790325e-03, 7.7416240934436997e-01,
       3.0420024175263154e+00, 2.1367967984184467e+01,
       1.2701447843950701e+01, 5.8841866690473090e+01,
       2.3439411274820241e-03, 3.9489612835905719e-01,
       3.1077330653853137e+00, 2.0231977140700959e+01,
       1.3455122297084678e+01, 6.1047942482384883e+01,
       1.1653501129788503e-02, 6.5377057312898612e-01,
       3.0647837298608440e+00, 2.0826004114527549e+01,
       1.3485206326121101e+01, 5.9872499651880801e+01,
       1.9663764897626196e-02, 3.8047774817379743e-01,
       3.1084909395334970e+00, 2.0596214782330833e+01,
       1.3935621410222771e+01, 6.0709137600190424e+01,
       -2.7284724213401338e-02, 1.2163851081201439e-01,
       3.1237760866947748e+00, 1.8964839006477572e+01,
       1.1656739604011532e+01, 6.2904288870576188e+01,
       -4.3189537203913796e-02, -5.7875277444706427e-02,
       3.1355534832294079e+00, 1.8126181526953630e+01,
       1.2287297881063802e+01, 6.4564235592511679e+01,
       -2.7124213402429567e-02, -1.9147713369431149e-01,
       3.1321629188638886e+00, 1.8956932724932770e+01,
       1.6673661539231286e+01, 6.4772964175975048e+01,
       1.0548589747722133e-02, 4.0556028238355668e-01,
       -3.1147745504726121e+00, 1.9669659891659375e+01,
       1.8846651953196989e+01, 6.5423376154526338e+01,
       -4.5601650744577021e-01, -9.0489192320569178e-03,
       -2.3655907225840853e-02, -2.0519480164164268e+01,
       -1.6831125065463659e+01, 6.6205738443264863e+01,
       -5.7463295526331426e-01, -4.3418942134529660e-03,
       -3.8016971924750051e-02, -2.0604685490219186e+01,
       -1.3753035652178186e+01, 6.6146400479117034e+01,
       -1.3830947092117543e-01, -3.7580615338271395e-01,
       -1.6173079772465770e+00, -2.1860996912598296e+01,
       2.9187213434599549e+01, 5.9760199462117150e+01,
       -3.4021359517353772e-02, -1.9395527520223765e-01,
       -1.6380436339304563e+00, -2.2503322746511767e+01,
       2.8645201930944161e+01, 6.2481868946154272e+01,
       3.5731011262321956e-02, -7.3601364386951668e-02,
       -1.6388963106161600e+00, -2.1955312630242780e+01,
       3.1019913562047918e+01, 6.4237917054604253e+01,
       1.4991782290723088e-01, 1.2237021896148994e-02,
       -1.6446779091938244e+00, -2.0367962096134484e+01,
       3.0951304749453097e+01, 6.7510081393593552e+01,
       2.4363455968139469e-01, 6.3692400119747999e-02,
       -1.6346721877873609e+00, -2.0274831938326329e+01,
       3.3168820851172747e+01, 7.1172820048717057e+01,
       3.2300380932348649e-01, 1.1820634732711277e-01,
       -1.5993306058405139e+00, -2.2248205669628614e+01,
       3.3504682810368799e+01, 7.4014890709679449e+01,
       3.8708727330959902e-01, 1.6775220853858452e-01,
       -1.5477946183524125e+00, -2.3242244699768271e+01,
       3.2977930373375436e+01, 7.5041440348478332e+01,
       4.0377112062702847e-01, 1.8417790403511397e-01,
       -1.5374786373891225e+00, -2.4054459955931204e+01,
       3.4292689334671898e+01, 7.5938448796724245e+01,
       -1.8321149522902938e-01, -3.1856689201445737e-01,
       -1.4857798252303829e+00, -3.2046465402203026e+01,
       2.8667579187677244e+01, 6.9061229283415770e+01,
       -4.4246770460969653e-01, -4.2501968115360506e-01,
       -1.4945848161362441e+00, -3.2954611889541880e+01,
       3.0418438179106989e+01, 6.9367402609573688e+01,
       6.7908277060442196e-02, -6.7124350143897515e-01,
       -1.5732919073484115e+00, -2.6932111997894985e+01,
       3.3638916063984453e+01, 6.3600314515898361e+01,
       -3.4731276804197846e-03, -8.4464366349401221e-01,
       -1.5444014930644849e+00, -1.7939206365243674e+01,
       2.7016218623274209e+01, 6.3610964824059167e+01,
       3.9647535344019452e-01, -1.6348218476897103e-01,
       -1.4956089522796738e+00, -2.4857427905724567e+01,
       3.8399295097510887e+01, 6.9782429101495254e+01,
       -2.5171269881572811e-01, -1.0171034032004507e+00,
       -2.7374293847999285e+00, 2.5108892071525086e+00,
       2.2867765812776153e+01, 7.6726499689036871e+01,
       -3.3033087491709462e-01, -6.9221360510016916e-01,
       -2.6306799430772516e+00, -5.4833962754763101e+00,
       2.6676432804076242e+01, 7.4865886478702393e+01,
       -1.1853725026775432e-01, 5.2785837057953131e-02,
       -2.7552479104951488e+00, 8.3022139594642863e-01,
       2.7509643031922188e+01, 8.7797586343993117e+01,
       -3.3620778397872331e-01, 3.0072827801488844e-01,
       -3.0990204858063286e-01, -2.3759464407181909e+01,
       -9.0074677263669152e+00, 9.9202115527314220e+01,
       2.3310949748059448e-01, 2.5792469559683295e-01,
       -3.7918775676596989e-01, -3.2382754915575163e+01,
       6.0545988410213045e+00, 9.3392859095537190e+01 ]
