%YAML:1.0
---
calibration_time: "01/10/23 11:57:10"
nr_of_frames: 25
image_width: 1280
image_height: 720
board_width: 9
board_height: 6
square_size: 5.
fix_aspect_ratio: 1.
# flags: +fix_aspectRatio +fix_principal_point +zero_tangent_dist +fix_k4 +fix_k5
flags: 6158
fisheye_model: 0
camera_matrix: !!opencv-matrix
   rows: 3
   cols: 3
   dt: d
   data: [ 7.7736065956692994e+02, 0., 6.3950000000000000e+02, 0.,
       7.7736065956692994e+02, 3.5950000000000000e+02, 0., 0., 1. ]
distortion_coefficients: !!opencv-matrix
   rows: 5
   cols: 1
   dt: d
   data: [ -1.2165758296172160e-02, 2.6973145055111758e-01, 0., 0.,
       -4.0538818044227687e-01 ]
avg_reprojection_error: 3.2394106286237467e-01
