%YAML:1.0
---
calibration_time: "Tue 07 Feb 2023 01:54:24 PM CET"
nr_of_frames: 22
image_width: 4032
image_height: 3024
board_width: 9
board_height: 6
square_size: 5.
fix_aspect_ratio: 1.
# flags: +fix_aspectRatio +fix_principal_point +zero_tangent_dist +fix_k4 +fix_k5
flags: 6158
fisheye_model: 0
camera_matrix: !!opencv-matrix
   rows: 3
   cols: 3
   dt: d
   data: [ 3.1323763959563576e+03, 0., 2.0155000000000000e+03, 0.,
       3.1323763959563576e+03, 1.5115000000000000e+03, 0., 0., 1. ]
distortion_coefficients: !!opencv-matrix
   rows: 5
   cols: 1
   dt: d
   data: [ 2.1703988636952720e-01, -1.0521333177707883e+00, 0., 0.,
       1.1325671509982902e+00 ]
avg_reprojection_error: 4.3848828608884567e+00
per_view_reprojection_errors: !!opencv-matrix
   rows: 22
   cols: 1
   dt: f
   data: [ 2.13262224e+00, 2.11666298e+00, 1.77478158e+00,
       1.69685709e+00, 1.64700270e+00, 1.46683097e+00, 1.28021765e+00,
       1.69927144e+00, 1.86066723e+01, 2.11319947e+00, 2.43538833e+00,
       2.67765856e+00, 2.22680187e+00, 2.32434535e+00, 1.79660952e+00,
       1.72313476e+00, 1.40788555e+00, 1.56741738e+00, 1.37702787e+00,
       2.16867781e+00, 1.47446477e+00, 2.23712897e+00 ]
# a set of 6-tuples (rotation vector + translation vector) for each view
extrinsic_parameters: !!opencv-matrix
   rows: 22
   cols: 6
   dt: d
   data: [ -3.3309529350063311e-01, 7.6386864144717681e-01,
       2.6408557684779148e+00, 2.6113895254836169e+01,
       -4.3601071877927904e+00, 5.5311551394793405e+01,
       -2.3194464609577181e-01, 7.8950966084004215e-01,
       2.8206195704910075e+00, 2.2834932829118763e+01,
       5.7847804717692564e-01, 5.1361087075425623e+01,
       -1.0536959859297401e-02, -8.2451798548894117e-01,
       -2.8915942671885420e+00, 1.8040094080385842e+01,
       7.0958480323646214e+00, 4.8498344100634320e+01,
       -1.2680071237932289e-01, -2.6751278622944413e-01,
       -2.7878999397172364e+00, 1.0994755448954145e+01,
       1.5488315486746105e+01, 5.3406800492014852e+01,
       -7.2434383073177289e-02, -5.8351408749626732e-01,
       -2.6928328202391989e+00, 1.0090742300154519e+01,
       1.4770772829018757e+01, 5.3213569901796561e+01,
       -2.5400873580028704e-01, 1.4346569881382740e-01,
       -2.8442509367805928e+00, 1.0192217651515683e+01,
       1.8579381548022759e+01, 5.6013801676074010e+01,
       -1.3971672950536337e-01, 3.4546364613128172e-01,
       -3.0729012864901333e+00, 1.9022510274201174e+01,
       2.1781739039041106e+01, 6.1371000877377099e+01,
       -2.3748389082946048e-01, -4.2245717168870417e-01,
       2.8708868840201620e+00, 2.9040527387614098e+01,
       1.2469626529940840e+01, 6.4170348691733921e+01,
       -1.8339499639155121e-01, 5.0908001186011476e-01,
       5.3441321769762984e-01, -2.2992206701065605e+01,
       -2.0256374487697933e+01, 7.1046473506074406e+01,
       -5.3232101341756810e-01, 7.4793537126053899e-01,
       2.3174142592043525e+00, 3.3959625261616836e+01,
       -8.8183307783385168e+00, 6.8855893486750105e+01,
       -6.6448323201652648e-01, 9.4104367994363303e-01,
       2.1345672027822600e+00, 3.0980077335993268e+01,
       -9.1813116142701947e+00, 6.7538936758378796e+01,
       -2.3242010449131406e-01, 1.1586961839767334e+00,
       2.6338339531366897e+00, 2.2737198722604944e+01,
       -1.8501209472066076e+00, 5.2888573261079827e+01,
       8.7112476047578005e-02, 1.2820643464347932e+00,
       2.8381318245592491e+00, 1.9228472888094224e+01,
       9.1578295474140659e-01, 4.9548123642569081e+01,
       -4.2444749764190304e-01, -1.2058591545206792e+00,
       -2.7224751589537548e+00, 1.2014425560951686e+01,
       3.2240022076096322e+00, 4.7858325575410738e+01,
       3.4741885314439702e-01, 6.2524051543363868e-01,
       3.0146357542273785e+00, 1.9149210801974814e+01,
       5.8116694855324642e+00, 4.8435289567615847e+01,
       4.9627341478845255e-01, 3.1280181375466476e-01,
       3.0784227852123407e+00, 1.2747782561883941e+01,
       1.3945172109557967e+01, 5.3884589905680969e+01,
       -3.3534048328449151e-01, 1.0382523887164199e-01,
       -3.0965784396999574e+00, 1.4052257361706292e+01,
       1.6989035544606050e+01, 5.4689088240724097e+01,
       3.5069852218947078e-01, 3.2670508981343599e-01,
       -3.0294358808365125e+00, 2.4111992444938174e+01,
       1.5555260488453456e+01, 6.9995833860331956e+01,
       2.0689284367550104e-01, -4.3639076490419265e-01,
       3.0470294865950587e+00, 1.9747340916930941e+01,
       1.8795435670279545e+01, 6.1768373762920440e+01,
       -6.6344590412425364e-01, 5.8248190408747580e-01,
       2.6830388121371009e+00, 3.6220637094916150e+01,
       4.8673207375087912e+00, 7.1720220402104033e+01,
       5.4076732084094262e-02, 8.8912680487813078e-01,
       -2.9977142121352345e+00, 2.4116254298542803e+01,
       1.8777119768285925e+01, 6.9503303455184664e+01,
       -2.2968952028826561e-01, 1.0957768786278976e+00,
       2.7143373290064949e+00, 2.0992343134958052e+01,
       -1.7968450833560203e+00, 5.4147089768801671e+01 ]
